Lieu	N° région, département	Série	Unité	1970	1971	1972	1973	1974	1975	1976	1977	1978	1979	1980	1981	1982	1983	1984	1985	1986	1987	1988	1989	1990	1991	1992	1993	1994	1995	1996	1997	1998	1999	2000	2001	2002	2003	2004	2005	2006	2007	2008	2009	2010	2011	2012	2013	2014	2015	2016	2017
HAUT-RHIN	68	TE06Température moyenne annuelle	°C	9.9	9.9	9.4	9.7	10.4	10.0	10.1	10.4	9.5	10.0	9.4	10.0	10.7	10.7	10.0	9.6	9.8	10.1	10.9	10.9	11.2	10.2	11.0	10.5	11.9	10.9	9.6	10.8	10.8	10.9	11.7	10.9	11.3	11.4	10.6	10.7	11.0	11.4	10.8	11.1	10.0	11.8	11.1	10.7	12.2	11.9	11.2	11.6
HAUT-RHIN	68	TE06Nombre de jours pour lesquels la température moyenne a été mesurée	Nombre	365.0	365.0	366.0	365.0	365.0	365.0	366.0	365.0	365.0	365.0	366.0	365.0	365.0	365.0	366.0	365.0	365.0	365.0	366.0	365.0	365.0	365.0	366.0	365.0	365.0	365.0	366.0	365.0	365.0	365.0	366.0	365.0	365.0	365.0	366.0	365.0	365.0	365.0	366.0	365.0	365.0	365.0	366.0	365.0	365.0	365.0	366.0	365.0
HAUT-RHIN	68	TE06Cumul annuel des hauteurs de précipitations	mm	820.7	590.3	573.1	719.2	684.6	729.1	499.0	808.2	757.6	817.4	716.2	964.4	880.6	735.0	689.2	587.9	871.9	788.4	700.2	509.7	789.3	582.0	641.7	659.6	805.1	917.8	661.7	729.6	753.3	997.7	728.4	1033.4	973.6	588.7	763.6	654.4	986.8	826.8	837.0	742.6	793.7	621.2	943.5	902.8	742.2	638.8	895.9	609.1
HAUT-RHIN	68	TE06Nombre de jours pour lesquels la hauteur des précipitations a été mesurée	Nombre	365.0	365.0	366.0	365.0	365.0	365.0	366.0	365.0	365.0	365.0	366.0	365.0	365.0	365.0	366.0	365.0	365.0	365.0	366.0	365.0	365.0	365.0	366.0	365.0	365.0	365.0	366.0	365.0	365.0	365.0	366.0	365.0	365.0	365.0	366.0	365.0	365.0	365.0	366.0	365.0	365.0	365.0	366.0	365.0	365.0	365.0	366.0	365.0
HAUT-RHIN	68	TE06Cumul annuel d'insolation	Heure	1601.9	1933.2	1724.2	1839.0	1673.7	1725.4	2072.8	1646.8	1799.8	1725.5	1712.1	1702.2	1883.0	1856.8	1774.2	1879.6	1737.8	1559.6	1598.0	1872.4	1935.5	1842.0	1577.3	1583.3	1538.9	1630.9	1784.0	1961.8	1836.0	1666.5	1822.1	1750.8	1678.7	2250.9	1746.5	1920.3	1914.0	1950.7	1710.0	1851.4	1642.6	2129.1	1884.6	1671.8	1830.4	2072.0	1714.0	2022.0
HAUT-RHIN	68	TE06Nombre de jours pour lesquels l'insolation a été mesurée	Nombre	365.0	365.0	366.0	365.0	365.0	365.0	366.0	365.0	365.0	365.0	366.0	365.0	365.0	365.0	366.0	365.0	365.0	365.0	366.0	365.0	365.0	365.0	366.0	365.0	365.0	365.0	366.0	365.0	365.0	365.0	366.0	365.0	365.0	365.0	366.0	365.0	365.0	365.0	366.0	365.0	365.0	365.0	366.0	365.0	365.0	365.0	366.0	365.0
HAUT-RHIN	68	TE06Nombre annuel de jours de gel	Nombre	85.0	92.0	84.0	111.0	45.0	83.0	88.0	59.0	75.0	75.0	81.0	88.0	68.0	82.0	87.0	95.0	78.0	78.0	62.0	71.0	54.0	80.0	62.0	72.0	43.0	70.0	95.0	85.0	82.0	69.0	41.0	75.0	50.0	99.0	82.0	87.0	87.0	63.0	74.0	73.0	83.0	68.0	58.0	87.0	37.0	58.0	65.0	70.0
HAUT-RHIN	68	TE06Nombre de jours pour lesquels la température minimum a été mesurée	Nombre	365.0	365.0	366.0	365.0	365.0	365.0	366.0	365.0	365.0	365.0	366.0	365.0	365.0	365.0	366.0	365.0	365.0	365.0	366.0	365.0	365.0	365.0	366.0	365.0	365.0	365.0	366.0	365.0	365.0	365.0	366.0	365.0	365.0	365.0	366.0	365.0	365.0	365.0	366.0	365.0	365.0	365.0	366.0	365.0	365.0	365.0	366.0	365.0
HAUT-RHIN	68	TE06Vent maximal instantané annuel	km/h	115.2	90.0	93.6	104.4	100.8	72.0	97.2	86.4	97.2	100.8	100.8	100.8	90.0	108.0	115.2	100.8	115.2	108.0	97.2	115.2	118.8	108.0	108.0	104.4	97.2	118.8	82.8	104.4	118.8	129.6	86.4	100.8	93.6	122.4	90.0	111.6	97.2	93.6	93.6	105.5	96.5	106.6	108.7	108.0	117.0	89.3	123.8	94.0
HAUT-RHIN	68	TE06Nombre de jours avec un vent maximal > 100 km/h	Nombre	3.0	0.0	0.0	1.0	2.0	0.0	0.0	0.0	0.0	1.0	1.0	1.0	0.0	1.0	3.0	1.0	1.0	1.0	0.0	1.0	5.0	1.0	2.0	2.0	0.0	3.0	0.0	1.0	2.0	1.0	0.0	1.0	0.0	1.0	0.0	1.0	0.0	0.0	0.0	1.0	0.0	2.0	3.0	1.0	1.0	0.0	1.0	0.0
HAUT-RHIN	68	TE06Nombre de jours pour lesquels la vitesse du vent a été mesurée	Nombre	358.0	364.0	366.0	364.0	365.0	365.0	366.0	363.0	365.0	365.0	365.0	365.0	365.0	365.0	366.0	365.0	365.0	365.0	366.0	358.0	365.0	365.0	366.0	365.0	365.0	365.0	365.0	365.0	365.0	365.0	366.0	365.0	365.0	365.0	366.0	365.0	365.0	365.0	366.0	365.0	365.0	365.0	366.0	365.0	365.0	365.0	366.0	365.0
Producteur : Météo-France.
Source .
